BASE 17 175
WINSPEC    11    11    17
0 fe0f8000 3e0 0 
1830   0 
1430   0 
2830   0 
2430   0 
4830   0 
4430   0 
8830   0 
8430   0 
10830   0 
10430   0 
1828   0 
1428   0 
2828   0 
2428   0 
4828   0 
4428   0 
8828   0 
8428   0 
10828   0 
10428   0 
1824   0 
1424   0 
2824   0 
2424   0 
4824   0 
4424   0 
8824   0 
8424   0 
10824   0 
10424   0 
1822   0 
1422   0 
2822   0 
2422   0 
4822   0 
4422   0 
8822   0 
8422   0 
10822   0 
10422   0 
1821   0 
1421   0 
2821   0 
2421   0 
4821   0 
4421   0 
8821   0 
8421   0 
10821   0 
10421   0 
1850   0 
1450   0 
2850   0 
2450   0 
4850   0 
4450   0 
8850   0 
8450   0 
10850   0 
10450   0 
1848   0 
1448   0 
2848   0 
2448   0 
4848   0 
4448   0 
8848   0 
8448   0 
10848   0 
10448   0 
1844   0 
1444   0 
2844   0 
2444   0 
4844   0 
4444   0 
8844   0 
8444   0 
10844   0 
10444   0 
1842   0 
1442   0 
2842   0 
2442   0 
4842   0 
4442   0 
8842   0 
8442   0 
10842   0 
10442   0 
1841   0 
1441   0 
2841   0 
2441   0 
4841   0 
4441   0 
8841   0 
8441   0 
10841   0 
10441   0 
1090   0 
2090   0 
4090   0 
8090   0 
10090   0 
1088   0 
2088   0 
4088   0 
8088   0 
10088   0 
1084   0 
2084   0 
4084   0 
8084   0 
10084   0 
1082   0 
2082   0 
4082   0 
8082   0 
10082   0 
1081   0 
2081   0 
4081   0 
8081   0 
10081   0 
1110   0 
2110   0 
4110   0 
8110   0 
10110   0 
1108   0 
2108   0 
4108   0 
8108   0 
10108   0 
1104   0 
2104   0 
4104   0 
8104   0 
10104   0 
1102   0 
2102   0 
4102   0 
8102   0 
10102   0 
1101   0 
2101   0 
4101   0 
8101   0 
10101   0 
1210   0 
2210   0 
4210   0 
8210   0 
10210   0 
1208   0 
2208   0 
4208   0 
8208   0 
10208   0 
1204   0 
2204   0 
4204   0 
8204   0 
10204   0 
1202   0 
2202   0 
4202   0 
8202   0 
10202   0 
1201   0 
2201   0 
4201   0 
8201   0 
10201   0 
