BASE 24 1214
WINSPEC    11    11    24
38000000 780f01e0 300e03c0 0 
85a282   0 
21a282   0 
858682   0 
218682   0 
81c282   0 
21c282   0 
38282   0 
8ca282   0 
88e282   0 
28a282   0 
a8282   0 
30a282   0 
14a282   0 
128282   0 
308682   0 
148682   0 
10c282   0 
c4a282   0 
c0e282   0 
60a282   0 
428282   0 
8584a0   0 
81c4a0   0 
2184a0   0 
1584a0   0 
11c4a0   0 
384a0   0 
81c0e0   0 
21c0e0   0 
11c0e0   0 
380e0   0 
81e0a0   0 
3a0a0   0 
85a0a0   0 
21a0a0   0 
81c2a0   0 
21c2a0   0 
382a0   0 
8ca0a0   0 
88e0a0   0 
28a0a0   0 
aa0a0   0 
a82a0   0 
30a0a0   0 
14a0a0   0 
10e0a0   0 
12a0a0   0 
1282a0   0 
3086a0   0 
1486a0   0 
10c2a0   0 
c4a0a0   0 
c0e0a0   0 
60a0a0   0 
42a0a0   0 
4282a0   0 
815282   0 
215282   0 
31282   0 
853282   0 
213282   0 
851682   0 
211682   0 
817086   0 
33086   0 
853086   0 
213086   0 
851486   0 
815486   0 
211486   0 
31486   0 
8530c2   0 
2130c2   0 
8514c2   0 
2114c2   0 
8150c2   0 
2150c2   0 
310c2   0 
8c3282   0 
887282   0 
283282   0 
8c3086   0 
887086   0 
283086   0 
a3086   0 
8c30c2   0 
8870c2   0 
2830c2   0 
a1282   0 
a1486   0 
a10c2   0 
121282   0 
105282   0 
303282   0 
143282   0 
301682   0 
141682   0 
303086   0 
143086   0 
107086   0 
123086   0 
121486   0 
301486   0 
141486   0 
105486   0 
3030c2   0 
1430c2   0 
1210c2   0 
3014c2   0 
1414c2   0 
1050c2   0 
c43282   0 
c07282   0 
603282   0 
c43086   0 
c07086   0 
603086   0 
423086   0 
c430c2   0 
c070c2   0 
6030c2   0 
421282   0 
421486   0 
4210c2   0 
8514a0   0 
8154a0   0 
2114a0   0 
314a0   0 
8150e0   0 
2150e0   0 
310e0   0 
8170a0   0 
330a0   0 
8530a0   0 
2130a0   0 
8152a0   0 
2152a0   0 
312a0   0 
8c30a0   0 
8870a0   0 
2830a0   0 
a30a0   0 
a14a0   0 
a10e0   0 
a12a0   0 
3030a0   0 
1430a0   0 
1070a0   0 
1230a0   0 
1214a0   0 
3014a0   0 
1414a0   0 
1054a0   0 
1210e0   0 
1050e0   0 
1212a0   0 
1052a0   0 
c430a0   0 
c070a0   0 
6030a0   0 
4230a0   0 
4214a0   0 
4210e0   0 
4212a0   0 
8c2a82   0 
886a82   0 
282a82   0 
1c2a82   0 
a0a82   0 
380e82   0 
1c0e82   0 
184a82   0 
852a82   0 
212a82   0 
152a82   0 
850e82   0 
210e82   0 
150e82   0 
814a82   0 
214a82   0 
114a82   0 
30a82   0 
8c28a0   0 
8868a0   0 
2828a0   0 
1c28a0   0 
1868a0   0 
a28a0   0 
a0aa0   0 
380ea0   0 
1c0ea0   0 
184aa0   0 
850ca0   0 
814ca0   0 
210ca0   0 
150ca0   0 
114ca0   0 
30ca0   0 
8148e0   0 
2148e0   0 
1148e0   0 
308e0   0 
8168a0   0 
1168a0   0 
328a0   0 
8528a0   0 
2128a0   0 
1528a0   0 
814aa0   0 
214aa0   0 
114aa0   0 
30aa0   0 
8c2184   0 
886184   0 
282184   0 
1c2184   0 
186184   0 
a2184   0 
8c21c0   0 
8861c0   0 
2821c0   0 
1c21c0   0 
1861c0   0 
a21c0   0 
8c2380   0 
886380   0 
282380   0 
1c2380   0 
8c21a0   0 
8861a0   0 
2821a0   0 
1c21a0   0 
1861a0   0 
a21a0   0 
a0380   0 
380780   0 
1c0780   0 
184380   0 
850584   0 
814584   0 
210584   0 
150584   0 
114584   0 
30584   0 
8505c0   0 
2105c0   0 
1505c0   0 
8141c0   0 
2141c0   0 
1141c0   0 
301c0   0 
8521c0   0 
2121c0   0 
1521c0   0 
816184   0 
116184   0 
32184   0 
852184   0 
212184   0 
152184   0 
852380   0 
212380   0 
152380   0 
850780   0 
210780   0 
150780   0 
814380   0 
214380   0 
114380   0 
30380   0 
8505a0   0 
8145a0   0 
2105a0   0 
1505a0   0 
1145a0   0 
305a0   0 
8161a0   0 
1161a0   0 
321a0   0 
8521a0   0 
2121a0   0 
1521a0   0 
a1584   0 
a11c0   0 
303184   0 
143184   0 
107184   0 
123184   0 
121584   0 
301584   0 
141584   0 
105584   0 
3031c0   0 
1431c0   0 
1211c0   0 
3015c0   0 
1415c0   0 
1051c0   0 
121380   0 
105380   0 
303380   0 
143380   0 
301780   0 
141780   0 
c43184   0 
c07184   0 
603184   0 
423184   0 
c431c0   0 
c071c0   0 
6031c0   0 
c43380   0 
c07380   0 
603380   0 
421584   0 
4211c0   0 
421380   0 
30a184   0 
14a184   0 
10e184   0 
12a184   0 
30a1c0   0 
14a1c0   0 
10e1c0   0 
12a1c0   0 
30a380   0 
14a380   0 
128380   0 
308780   0 
148780   0 
10c380   0 
c4a184   0 
c0e184   0 
60a184   0 
42a184   0 
c4a1c0   0 
c0e1c0   0 
60a1c0   0 
42a1c0   0 
c4a380   0 
c0e380   0 
60a380   0 
428380   0 
85a210   0 
21a210   0 
858610   0 
218610   0 
81c210   0 
21c210   0 
38210   0 
8ca210   0 
88e210   0 
28a210   0 
a8210   0 
30a210   0 
14a210   0 
128210   0 
308610   0 
148610   0 
10c210   0 
c4a210   0 
c0e210   0 
60a210   0 
428210   0 
858430   0 
81c430   0 
218430   0 
158430   0 
11c430   0 
38430   0 
81c070   0 
21c070   0 
11c070   0 
38070   0 
81e030   0 
3a030   0 
85a030   0 
21a030   0 
8ca030   0 
88e030   0 
28a030   0 
aa030   0 
30a030   0 
14a030   0 
10e030   0 
12a030   0 
c4a030   0 
c0e030   0 
60a030   0 
42a030   0 
851430   0 
815430   0 
211430   0 
31430   0 
817030   0 
33030   0 
853030   0 
213030   0 
815210   0 
215210   0 
31210   0 
853210   0 
213210   0 
851610   0 
211610   0 
817014   0 
33014   0 
853014   0 
213014   0 
851414   0 
815414   0 
211414   0 
31414   0 
853050   0 
213050   0 
851450   0 
211450   0 
815050   0 
215050   0 
31050   0 
8c3030   0 
887030   0 
283030   0 
a3030   0 
8c3210   0 
887210   0 
283210   0 
8c3014   0 
887014   0 
283014   0 
a3014   0 
8c3050   0 
887050   0 
283050   0 
a1430   0 
a1210   0 
a1414   0 
a1050   0 
303030   0 
143030   0 
107030   0 
123030   0 
121430   0 
301430   0 
141430   0 
105430   0 
121210   0 
105210   0 
303210   0 
143210   0 
301610   0 
141610   0 
303014   0 
143014   0 
107014   0 
123014   0 
121414   0 
301414   0 
141414   0 
105414   0 
303050   0 
143050   0 
121050   0 
301450   0 
141450   0 
105050   0 
c43030   0 
c07030   0 
603030   0 
423030   0 
c43210   0 
c07210   0 
603210   0 
c43014   0 
c07014   0 
603014   0 
423014   0 
c43050   0 
c07050   0 
603050   0 
421430   0 
421210   0 
421414   0 
421050   0 
8c2a10   0 
886a10   0 
282a10   0 
1c2a10   0 
a0a10   0 
380e10   0 
1c0e10   0 
184a10   0 
852a10   0 
212a10   0 
152a10   0 
850e10   0 
210e10   0 
150e10   0 
814a10   0 
214a10   0 
114a10   0 
30a10   0 
8c2830   0 
886830   0 
282830   0 
1c2830   0 
186830   0 
a2830   0 
850c30   0 
814c30   0 
210c30   0 
150c30   0 
114c30   0 
30c30   0 
814870   0 
214870   0 
114870   0 
30870   0 
816830   0 
116830   0 
32830   0 
852830   0 
212830   0 
152830   0 
8c2114   0 
886114   0 
282114   0 
1c2114   0 
186114   0 
a2114   0 
8c2150   0 
886150   0 
282150   0 
1c2150   0 
186150   0 
a2150   0 
8c2310   0 
886310   0 
282310   0 
1c2310   0 
8c2130   0 
886130   0 
282130   0 
1c2130   0 
186130   0 
a2130   0 
a0310   0 
380710   0 
1c0710   0 
184310   0 
850514   0 
814514   0 
210514   0 
150514   0 
114514   0 
30514   0 
850550   0 
210550   0 
150550   0 
814150   0 
214150   0 
114150   0 
30150   0 
852150   0 
212150   0 
152150   0 
816114   0 
116114   0 
32114   0 
852114   0 
212114   0 
152114   0 
852310   0 
212310   0 
152310   0 
850710   0 
210710   0 
150710   0 
814310   0 
214310   0 
114310   0 
30310   0 
850530   0 
814530   0 
210530   0 
150530   0 
114530   0 
30530   0 
816130   0 
116130   0 
32130   0 
852130   0 
212130   0 
152130   0 
30a114   0 
14a114   0 
10e114   0 
12a114   0 
30a150   0 
14a150   0 
10e150   0 
12a150   0 
c4a114   0 
c0e114   0 
60a114   0 
42a114   0 
c4a150   0 
c0e150   0 
60a150   0 
42a150   0 
8c210c   0 
88610c   0 
28210c   0 
1c210c   0 
18610c   0 
a210c   0 
8c2148   0 
886148   0 
282148   0 
1c2148   0 
186148   0 
a2148   0 
8c2308   0 
886308   0 
282308   0 
1c2308   0 
8c2128   0 
886128   0 
282128   0 
1c2128   0 
186128   0 
a2128   0 
a0308   0 
380708   0 
1c0708   0 
184308   0 
85050c   0 
81450c   0 
21050c   0 
15050c   0 
11450c   0 
3050c   0 
850548   0 
210548   0 
150548   0 
814148   0 
214148   0 
114148   0 
30148   0 
852148   0 
212148   0 
152148   0 
81610c   0 
11610c   0 
3210c   0 
85210c   0 
21210c   0 
15210c   0 
852308   0 
212308   0 
152308   0 
850708   0 
210708   0 
150708   0 
814308   0 
214308   0 
114308   0 
30308   0 
850528   0 
814528   0 
210528   0 
150528   0 
114528   0 
30528   0 
816128   0 
116128   0 
32128   0 
852128   0 
212128   0 
152128   0 
a150c   0 
a1148   0 
a1528   0 
30310c   0 
14310c   0 
10710c   0 
12310c   0 
12150c   0 
30150c   0 
14150c   0 
10550c   0 
303148   0 
143148   0 
121148   0 
301548   0 
141548   0 
105148   0 
121308   0 
105308   0 
303308   0 
143308   0 
301708   0 
141708   0 
303128   0 
143128   0 
107128   0 
123128   0 
121528   0 
301528   0 
141528   0 
105528   0 
c4310c   0 
c0710c   0 
60310c   0 
42310c   0 
c43148   0 
c07148   0 
603148   0 
c43308   0 
c07308   0 
603308   0 
c43128   0 
c07128   0 
603128   0 
423128   0 
42150c   0 
421148   0 
421308   0 
421528   0 
30a10c   0 
14a10c   0 
10e10c   0 
12a10c   0 
30a148   0 
14a148   0 
10e148   0 
12a148   0 
30a128   0 
14a128   0 
10e128   0 
12a128   0 
30a308   0 
14a308   0 
128308   0 
308708   0 
148708   0 
10c308   0 
c4a10c   0 
c0e10c   0 
60a10c   0 
42a10c   0 
c4a148   0 
c0e148   0 
60a148   0 
42a148   0 
c4a308   0 
c0e308   0 
60a308   0 
c4a128   0 
c0e128   0 
60a128   0 
42a128   0 
428308   0 
81780e   0 
3380e   0 
85380e   0 
21380e   0 
851c0e   0 
815c0e   0 
211c0e   0 
31c0e   0 
85384a   0 
21384a   0 
851c4a   0 
211c4a   0 
81584a   0 
21584a   0 
3184a   0 
8c380e   0 
88780e   0 
28380e   0 
a380e   0 
8c384a   0 
88784a   0 
28384a   0 
a1c0e   0 
a184a   0 
121a0a   0 
105a0a   0 
303a0a   0 
143a0a   0 
301e0a   0 
141e0a   0 
30380e   0 
14380e   0 
10780e   0 
12380e   0 
121c0e   0 
301c0e   0 
141c0e   0 
105c0e   0 
30384a   0 
14384a   0 
12184a   0 
301c4a   0 
141c4a   0 
10584a   0 
c43a0a   0 
c07a0a   0 
603a0a   0 
c4380e   0 
c0780e   0 
60380e   0 
42380e   0 
c4384a   0 
c0784a   0 
60384a   0 
421a0a   0 
421c0e   0 
42184a   0 
8c2a0a   0 
886a0a   0 
282a0a   0 
1c2a0a   0 
a0a0a   0 
380e0a   0 
1c0e0a   0 
184a0a   0 
852a0a   0 
212a0a   0 
152a0a   0 
850e0a   0 
210e0a   0 
150e0a   0 
814a0a   0 
214a0a   0 
114a0a   0 
30a0a   0 
30aa0a   0 
14aa0a   0 
128a0a   0 
308e0a   0 
148e0a   0 
10ca0a   0 
c4aa0a   0 
c0ea0a   0 
60aa0a   0 
428a0a   0 
8c2828   0 
886828   0 
282828   0 
1c2828   0 
186828   0 
a2828   0 
a0a28   0 
380e28   0 
1c0e28   0 
184a28   0 
850c28   0 
814c28   0 
210c28   0 
150c28   0 
114c28   0 
30c28   0 
814868   0 
214868   0 
114868   0 
30868   0 
816828   0 
116828   0 
32828   0 
852828   0 
212828   0 
152828   0 
814a28   0 
214a28   0 
114a28   0 
30a28   0 
a1c28   0 
a1868   0 
303828   0 
143828   0 
107828   0 
123828   0 
121c28   0 
301c28   0 
141c28   0 
105c28   0 
121868   0 
105868   0 
121a28   0 
105a28   0 
c43828   0 
c07828   0 
603828   0 
423828   0 
421c28   0 
421868   0 
421a28   0 
30a828   0 
14a828   0 
10e828   0 
12a828   0 
128a28   0 
308e28   0 
148e28   0 
10ca28   0 
c4a828   0 
c0e828   0 
60a828   0 
42a828   0 
428a28   0 
8c2105   0 
886105   0 
282105   0 
1c2105   0 
186105   0 
a2105   0 
8c2141   0 
886141   0 
282141   0 
1c2141   0 
186141   0 
a2141   0 
8c2301   0 
886301   0 
282301   0 
1c2301   0 
8c2121   0 
886121   0 
282121   0 
1c2121   0 
186121   0 
a2121   0 
a0301   0 
380701   0 
1c0701   0 
184301   0 
850505   0 
814505   0 
210505   0 
150505   0 
114505   0 
30505   0 
850541   0 
210541   0 
150541   0 
814141   0 
214141   0 
114141   0 
30141   0 
852141   0 
212141   0 
152141   0 
816105   0 
116105   0 
32105   0 
852105   0 
212105   0 
152105   0 
852301   0 
212301   0 
152301   0 
850701   0 
210701   0 
150701   0 
814301   0 
214301   0 
114301   0 
30301   0 
850521   0 
814521   0 
210521   0 
150521   0 
114521   0 
30521   0 
816121   0 
116121   0 
32121   0 
852121   0 
212121   0 
152121   0 
a1505   0 
a1141   0 
a1521   0 
303105   0 
143105   0 
107105   0 
123105   0 
121505   0 
301505   0 
141505   0 
105505   0 
303141   0 
143141   0 
121141   0 
301541   0 
141541   0 
105141   0 
121301   0 
105301   0 
303301   0 
143301   0 
301701   0 
141701   0 
303121   0 
143121   0 
107121   0 
123121   0 
121521   0 
301521   0 
141521   0 
105521   0 
c43105   0 
c07105   0 
603105   0 
423105   0 
c43141   0 
c07141   0 
603141   0 
c43301   0 
c07301   0 
603301   0 
c43121   0 
c07121   0 
603121   0 
423121   0 
421505   0 
421141   0 
421301   0 
421521   0 
30a105   0 
14a105   0 
10e105   0 
12a105   0 
30a141   0 
14a141   0 
10e141   0 
12a141   0 
30a121   0 
14a121   0 
10e121   0 
12a121   0 
30a301   0 
14a301   0 
128301   0 
308701   0 
148701   0 
10c301   0 
c4a105   0 
c0e105   0 
60a105   0 
42a105   0 
c4a141   0 
c0e141   0 
60a141   0 
42a141   0 
c4a301   0 
c0e301   0 
60a301   0 
c4a121   0 
c0e121   0 
60a121   0 
42a121   0 
428301   0 
817807   0 
33807   0 
853807   0 
213807   0 
851c07   0 
815c07   0 
211c07   0 
31c07   0 
853843   0 
213843   0 
851c43   0 
211c43   0 
815843   0 
215843   0 
31843   0 
8c3807   0 
887807   0 
283807   0 
a3807   0 
8c3843   0 
887843   0 
283843   0 
a1c07   0 
a1843   0 
121a03   0 
105a03   0 
303a03   0 
143a03   0 
301e03   0 
141e03   0 
303807   0 
143807   0 
107807   0 
123807   0 
121c07   0 
301c07   0 
141c07   0 
105c07   0 
303843   0 
143843   0 
121843   0 
301c43   0 
141c43   0 
105843   0 
c43a03   0 
c07a03   0 
603a03   0 
c43807   0 
c07807   0 
603807   0 
423807   0 
c43843   0 
c07843   0 
603843   0 
421a03   0 
421c07   0 
421843   0 
8c2a03   0 
886a03   0 
282a03   0 
1c2a03   0 
a0a03   0 
380e03   0 
1c0e03   0 
184a03   0 
852a03   0 
212a03   0 
152a03   0 
850e03   0 
210e03   0 
150e03   0 
814a03   0 
214a03   0 
114a03   0 
30a03   0 
30aa03   0 
14aa03   0 
128a03   0 
308e03   0 
148e03   0 
10ca03   0 
c4aa03   0 
c0ea03   0 
60aa03   0 
428a03   0 
8c2821   0 
886821   0 
282821   0 
1c2821   0 
186821   0 
a2821   0 
a0a21   0 
380e21   0 
1c0e21   0 
184a21   0 
850c21   0 
814c21   0 
210c21   0 
150c21   0 
114c21   0 
30c21   0 
814861   0 
214861   0 
114861   0 
30861   0 
816821   0 
116821   0 
32821   0 
852821   0 
212821   0 
152821   0 
814a21   0 
214a21   0 
114a21   0 
30a21   0 
a1c21   0 
a1861   0 
303821   0 
143821   0 
107821   0 
123821   0 
121c21   0 
301c21   0 
141c21   0 
105c21   0 
121861   0 
105861   0 
121a21   0 
105a21   0 
c43821   0 
c07821   0 
603821   0 
423821   0 
421c21   0 
421861   0 
421a21   0 
30a821   0 
14a821   0 
10e821   0 
12a821   0 
128a21   0 
308e21   0 
148e21   0 
10ca21   0 
c4a821   0 
c0e821   0 
60a821   0 
42a821   0 
428a21   0 
