BASE 18 53
WINSPEC    11    11    18
18000000 380700e0 200e01c0 0 
5028   0 
500c   0 
1828   0 
180c   0 
1088   0 
1018   0 
30280   0 
18280   0 
20600   0 
20440   0 
8600   0 
8440   0 
1081   0 
281   0 
888   0 
8a0   0 
4180   0 
980   0 
442   0 
11080   0 
240   0 
220   0 
208   0 
1040   0 
1400   0 
3000   0 
c0   0 
50   0 
4044   0 
4440   0 
844   0 
c40   0 
22040   0 
22200   0 
a040   0 
a200   0 
140   0 
300   0 
4060   0 
860   0 
211   0 
1011   0 
4510   0 
d10   0 
c18   0 
c30   0 
1108   0 
1110   0 
1180   0 
1830   0 
a04   0 
4204   0 
603   0 
