BASE 28 398
WINSPEC    13    13    28
0 1f000000 c1ff07f0 1f 0 0 
5124200   0 
50a4200   0 
5064200   0 
5128200   0 
50a8200   0 
5130200   0 
9124200   0 
90a4200   0 
9064200   0 
9128200   0 
90a8200   0 
9130200   0 
2424240   0 
2428280   0 
2428240   0 
4924200   0 
48a4200   0 
4864200   0 
4928200   0 
48a8200   0 
4828280   0 
4828240   0 
2828280   0 
2828240   0 
4930200   0 
4890480   0 
4850480   0 
1419240   0 
1219240   0 
2419120   0 
2419140   0 
2414240   0 
2412240   0 
1419120   0 
1419140   0 
1219120   0 
1219140   0 
1424080   0 
1224080   0 
1024480   0 
1024280   0 
1429080   0 
1229080   0 
142a080   0 
122a080   0 
1032480   0 
1032280   0 
1054480   0 
1054280   0 
144c080   0 
124c080   0 
2498a   0 
24989   0 
24992   0 
24984   0 
1449080   0 
1249080   0 
1094480   0 
1094280   0 
1092480   0 
1092280   0 
144a080   0 
124a080   0 
1052480   0 
1052280   0 
2419080   0 
1419080   0 
2429080   0 
2414080   0 
1414080   0 
2424080   0 
2412080   0 
1412080   0 
242a080   0 
244c080   0 
2449080   0 
244a080   0 
1054100   0 
2064200   0 
1024240   0 
5090500   0 
9090500   0 
9090480   0 
2090500   0 
2090480   0 
2424100   0 
4824100   0 
2824100   0 
1212240   0 
1214240   0 
819240   0 
819140   0 
829240   0 
829140   0 
814240   0 
814140   0 
824240   0 
824140   0 
812240   0 
812140   0 
1054a   0 
10549   0 
10552   0 
10544   0 
1024100   0 
1048100   0 
1028100   0 
1048240   0 
1028240   0 
1048280   0 
1048480   0 
1028280   0 
1028480   0 
5090900   0 
9090900   0 
2090900   0 
2428100   0 
4828100   0 
4848100   0 
2828100   0 
5090200   0 
9090200   0 
2090200   0 
1098a   0 
1094a   0 
10989   0 
10949   0 
10992   0 
10952   0 
10984   0 
10944   0 
1094100   0 
1092100   0 
1212080   0 
1214080   0 
1098100   0 
819080   0 
829080   0 
814080   0 
824080   0 
812080   0 
1028a   0 
1048a   0 
1024a   0 
10289   0 
10489   0 
10249   0 
10292   0 
10492   0 
10252   0 
10284   0 
10484   0 
10244   0 
1032a   0 
1052a   0 
1092a   0 
10329   0 
10529   0 
10929   0 
10332   0 
10532   0 
10932   0 
10324   0 
10524   0 
10924   0 
819120   0 
829120   0 
814120   0 
824120   0 
812120   0 
1098240   0 
1219080   0 
1098280   0 
1098480   0 
5050500   0 
9050500   0 
9050480   0 
2050500   0 
2048480   0 
2050480   0 
2130500   0 
2128480   0 
2130480   0 
1032240   0 
20a8480   0 
2428480   0 
4828480   0 
2828480   0 
82a240   0 
82a140   0 
2854a   0 
4854a   0 
28549   0 
48549   0 
28552   0 
48552   0 
28544   0 
48544   0 
5050900   0 
9050900   0 
2050900   0 
2130900   0 
5048200   0 
5050200   0 
9048200   0 
9050200   0 
2048200   0 
2050200   0 
2124200   0 
2128200   0 
2130200   0 
1052100   0 
1032100   0 
20a4200   0 
20a8200   0 
4848200   0 
2898a   0 
4898a   0 
2894a   0 
4894a   0 
28989   0 
48989   0 
28949   0 
48949   0 
28992   0 
48992   0 
28952   0 
48952   0 
28984   0 
48984   0 
28944   0 
48944   0 
82a080   0 
2828a   0 
4828a   0 
2848a   0 
4848a   0 
2424a   0 
2824a   0 
4824a   0 
28289   0 
48289   0 
28489   0 
48489   0 
24249   0 
28249   0 
48249   0 
28292   0 
48292   0 
28492   0 
48492   0 
24252   0 
28252   0 
48252   0 
28284   0 
48284   0 
28484   0 
48484   0 
24244   0 
28244   0 
48244   0 
2832a   0 
4832a   0 
2852a   0 
4852a   0 
2892a   0 
4892a   0 
28329   0 
48329   0 
28529   0 
48529   0 
28929   0 
48929   0 
28332   0 
48332   0 
28532   0 
48532   0 
28932   0 
48932   0 
28324   0 
48324   0 
28524   0 
48524   0 
28924   0 
48924   0 
82a120   0 
2064500   0 
2064900   0 
84c140   0 
84c120   0 
84c080   0 
2124500   0 
2124900   0 
2454a   0 
2494a   0 
24549   0 
24949   0 
24552   0 
24952   0 
24544   0 
24944   0 
849140   0 
20a4500   0 
20a4900   0 
2048500   0 
2048900   0 
2448100   0 
2848100   0 
2128500   0 
2128900   0 
849120   0 
2428a   0 
2448a   0 
24289   0 
24489   0 
24292   0 
24492   0 
24284   0 
24484   0 
2432a   0 
2452a   0 
2492a   0 
24329   0 
24529   0 
24929   0 
24332   0 
24532   0 
24932   0 
24324   0 
24524   0 
24924   0 
849080   0 
20a8500   0 
20a8900   0 
84a140   0 
84a120   0 
84a080   0 
1054240   0 
84c240   0 
849240   0 
1094240   0 
1092240   0 
1414240   0 
1412240   0 
5090480   0 
84a240   0 
1052240   0 
4848480   0 
5050480   0 
2064480   0 
2124480   0 
20a4480   0 
2414120   0 
2414140   0 
2454100   0 
2494100   0 
2412120   0 
2412140   0 
2432100   0 
2452100   0 
2492100   0 
4854100   0 
4894100   0 
4832100   0 
4852100   0 
4892100   0 
4850500   0 
4890500   0 
2854100   0 
2894100   0 
2832100   0 
2852100   0 
2892100   0 
2498100   0 
4898100   0 
4850900   0 
4890900   0 
2898100   0 
4850200   0 
4890200   0 
1414120   0 
1414140   0 
1412120   0 
1412140   0 
1212120   0 
1212140   0 
1214120   0 
1214140   0 
4930480   0 
2419240   0 
5130500   0 
5130480   0 
9130500   0 
9130480   0 
5130900   0 
9130900   0 
4930500   0 
4930900   0 
