BASE 30 3042
WINSPEC    13    13    30
0 1e00c000 c07e03e0 7007807 40 0 
1408a810   0 
1088a810   0 
1048a810   0 
100ca810   0 
140aa010   0 
108aa010   0 
104aa010   0 
100ea010   0 
500a810   0 
180a810   0 
140a810   0 
104a810   0 
502a010   0 
182a010   0 
142a010   0 
106a010   0 
180c248   0 
180c068   0 
180c058   0 
180c04a   0 
1084c140   0 
1080c340   0 
1080c160   0 
1080c150   0 
1080c142   0 
1084c048   0 
1080c248   0 
1080c068   0 
1080c058   0 
1080c04a   0 
1a04550   0 
1a04542   0 
1a04458   0 
1a0444a   0 
10a04550   0 
10a04542   0 
10a04458   0 
10a0444a   0 
180a140   0 
1808340   0 
18081c0   0 
1808160   0 
1808150   0 
1808142   0 
1048a140   0 
104881c0   0 
1088a140   0 
108881c0   0 
1408a140   0 
140881c0   0 
14881c0   0 
50881c0   0 
2248a140   0 
224881c0   0 
2288a140   0 
228881c0   0 
2608a140   0 
260881c0   0 
a48a140   0 
a4881c0   0 
a88a140   0 
a8881c0   0 
e08a140   0 
e0881c0   0 
10284582   0 
1244514   0 
1244506   0 
1206506   0 
1206582   0 
1244582   0 
1284582   0 
1a04582   0 
10a04582   0 
10a04483   0 
10a0448a   0 
124441c   0 
124440e   0 
1244483   0 
1a04483   0 
124448a   0 
1a0448a   0 
10284483   0 
1028448a   0 
1206407   0 
120640e   0 
1206483   0 
1284483   0 
120648a   0 
128448a   0 
10088380   0 
100881a0   0 
10088182   0 
1048304   0 
1048124   0 
1048114   0 
1048106   0 
100a304   0 
100a124   0 
100a106   0 
100a380   0 
100a1a0   0 
100a182   0 
1048380   0 
10481a0   0 
1048190   0 
1048182   0 
1088380   0 
10881a0   0 
1088182   0 
1828180   0 
1808980   0 
1808380   0 
18081a0   0 
1808190   0 
1808182   0 
1080c304   0 
1080c124   0 
1080c114   0 
1080c106   0 
1080c20c   0 
1080c02c   0 
1080c01c   0 
1080c00e   0 
180c20c   0 
180c02c   0 
180c01c   0 
180c00e   0 
10088304   0 
10088124   0 
10088114   0 
10088106   0 
1088304   0 
1088124   0 
1088114   0 
1088106   0 
1808304   0 
1808124   0 
1808114   0 
1808106   0 
1008c02c   0 
1008c00e   0 
108c02c   0 
108c00e   0 
10284514   0 
10284506   0 
1284514   0 
1284506   0 
1a04514   0 
1a04506   0 
1080c380   0 
1080c1a0   0 
1080c182   0 
10a04514   0 
10a04506   0 
1080c281   0 
1080c0a1   0 
1080c083   0 
1080c288   0 
1080c0a8   0 
1080c08a   0 
104c20c   0 
104c02c   0 
104c01c   0 
104c00e   0 
10a0441c   0 
10a0440e   0 
1a0441c   0 
1a0440e   0 
104c281   0 
104c0a1   0 
104c083   0 
180c281   0 
180c0a1   0 
180c083   0 
104c288   0 
104c0a8   0 
104c08a   0 
180c288   0 
180c0a8   0 
180c08a   0 
1008c0a1   0 
1008c083   0 
1008c0a8   0 
1008c08a   0 
100e025   0 
100e007   0 
100e02c   0 
100e00e   0 
1028441c   0 
1028440e   0 
128441c   0 
128440e   0 
100e0a1   0 
100e083   0 
108c0a1   0 
108c083   0 
100e0a8   0 
100e08a   0 
108c0a8   0 
108c08a   0 
18244140   0 
10a44140   0 
102c4140   0 
10244340   0 
10244160   0 
18244900   0 
10a44900   0 
102c4900   0 
18264100   0 
10a64100   0 
102e4100   0 
18245100   0 
102c5100   0 
10245300   0 
10245120   0 
18244048   0 
10a44048   0 
102c4048   0 
10244248   0 
10244068   0 
18244808   0 
10a44808   0 
102c4808   0 
18264008   0 
10a64008   0 
102e4008   0 
18245008   0 
102c5008   0 
10245208   0 
10245028   0 
10244304   0 
10244124   0 
10206304   0 
10206124   0 
10206414   0 
10206214   0 
10206034   0 
10206380   0 
102061a0   0 
10244380   0 
102441a0   0 
10206490   0 
10206290   0 
102060b0   0 
1024420c   0 
1024402c   0 
10244281   0 
102440a1   0 
10244288   0 
102440a8   0 
10244490   0 
10244290   0 
102440b0   0 
10206205   0 
10206025   0 
1020620c   0 
1020602c   0 
10206281   0 
102060a1   0 
10206288   0 
102060a8   0 
102841a0   0 
10284490   0 
102840b0   0 
1244124   0 
1206124   0 
1206414   0 
1206034   0 
12061a0   0 
12441a0   0 
12841a0   0 
1a041a0   0 
1206490   0 
12060b0   0 
1284490   0 
12840b0   0 
10a04380   0 
10a041a0   0 
10a04281   0 
10a040a1   0 
10a04288   0 
10a040a8   0 
10a04490   0 
10a04290   0 
10a040b0   0 
124420c   0 
124402c   0 
1244281   0 
12440a1   0 
1a04281   0 
1a040a1   0 
1244288   0 
12440a8   0 
1a04288   0 
1a040a8   0 
1244490   0 
1244290   0 
12440b0   0 
1a04490   0 
1a04290   0 
1a040b0   0 
102840a1   0 
102840a8   0 
1206025   0 
120602c   0 
12060a1   0 
12840a1   0 
12060a8   0 
12840a8   0 
14183010   0 
10583010   0 
101c3010   0 
14181018   0 
10981018   0 
10581018   0 
101c1018   0 
5181018   0 
1981018   0 
1581018   0 
11c1018   0 
2283201   0 
2093201   0 
208b201   0 
2083601   0 
2282241   0 
2092241   0 
208a241   0 
2082641   0 
2282250   0 
2092250   0 
2082650   0 
380078   0 
190078   0 
381038   0 
191038   0 
2283210   0 
2093210   0 
2083610   0 
24183010   0 
20583010   0 
201c3010   0 
24181018   0 
20981018   0 
20581018   0 
201c1018   0 
c181018   0 
8981018   0 
8581018   0 
81c1018   0 
14182140   0 
10582140   0 
14182900   0 
10582900   0 
141a2100   0 
105a2100   0 
14181100   0 
10581100   0 
101c1100   0 
14182050   0 
10582050   0 
101c2050   0 
14182810   0 
10582810   0 
101c2810   0 
141a2010   0 
105a2010   0 
101e2010   0 
5102140   0 
1902140   0 
1502140   0 
5102900   0 
1902900   0 
1502900   0 
5122100   0 
1922100   0 
1522100   0 
5102050   0 
1902050   0 
1502050   0 
1142050   0 
5102810   0 
1902810   0 
1502810   0 
1142810   0 
5122010   0 
1922010   0 
1522010   0 
1162010   0 
5103100   0 
1503100   0 
5181100   0 
1581100   0 
5103010   0 
1903010   0 
1503010   0 
1143010   0 
26085100   0 
22485100   0 
220c5100   0 
2285120   0 
2095120   0 
2085520   0 
2284160   0 
2094160   0 
2084560   0 
e085100   0 
a485100   0 
c102140   0 
8902140   0 
8502140   0 
c102900   0 
8902900   0 
8502900   0 
c122100   0 
8922100   0 
8522100   0 
c102050   0 
8902050   0 
8502050   0 
8142050   0 
c102810   0 
8902810   0 
8502810   0 
8142810   0 
c122010   0 
8922010   0 
8522010   0 
8162010   0 
c103100   0 
8503100   0 
c103010   0 
8903010   0 
8503010   0 
8143010   0 
24182140   0 
20582140   0 
24182900   0 
20582900   0 
241a2100   0 
205a2100   0 
381208   0 
191208   0 
189208   0 
181608   0 
2281208   0 
2091208   0 
2089208   0 
2081608   0 
24181100   0 
20581100   0 
201c1100   0 
381300   0 
191300   0 
189300   0 
181700   0 
2281300   0 
2091300   0 
2089300   0 
2081700   0 
381120   0 
191120   0 
189120   0 
181520   0 
380248   0 
190248   0 
188248   0 
180648   0 
2280248   0 
2090248   0 
2088248   0 
2080648   0 
380340   0 
190340   0 
188340   0 
180740   0 
2280340   0 
2090340   0 
2088340   0 
2080740   0 
380160   0 
190160   0 
188160   0 
180560   0 
24182050   0 
20582050   0 
201c2050   0 
24182810   0 
20582810   0 
201c2810   0 
241a2010   0 
205a2010   0 
201e2010   0 
c181100   0 
8581100   0 
24185008   0 
20585008   0 
201c5008   0 
26085008   0 
22485008   0 
220c5008   0 
385028   0 
195028   0 
18d028   0 
185428   0 
2285028   0 
2095028   0 
208d028   0 
2085428   0 
384068   0 
194068   0 
18c068   0 
184468   0 
2284068   0 
2094068   0 
208c068   0 
2084468   0 
c185008   0 
8585008   0 
e085008   0 
a485008   0 
16085100   0 
12485100   0 
120c5100   0 
3012340   0 
3002740   0 
3012250   0 
3002650   0 
3013300   0 
3003700   0 
7085100   0 
3485100   0 
3013210   0 
3003610   0 
14185008   0 
10585008   0 
101c5008   0 
16085008   0 
12485008   0 
120c5008   0 
3012241   0 
3002641   0 
3012248   0 
3002648   0 
3013201   0 
3003601   0 
3013208   0 
3003608   0 
5185008   0 
1585008   0 
7085008   0 
3485008   0 
141801c0   0 
105801c0   0 
14180980   0 
10580980   0 
141a0180   0 
105a0180   0 
141800d0   0 
109800d0   0 
105800d0   0 
101c00d0   0 
14180890   0 
10980890   0 
10580890   0 
101c0890   0 
14181090   0 
10981090   0 
10581090   0 
101c1090   0 
141a0090   0 
109a0090   0 
105a0090   0 
101e0090   0 
51801c0   0 
15801c0   0 
5180980   0 
1580980   0 
51a0180   0 
15a0180   0 
51800d0   0 
19800d0   0 
15800d0   0 
11c00d0   0 
5180890   0 
1980890   0 
1580890   0 
11c0890   0 
5181090   0 
1981090   0 
1581090   0 
11c1090   0 
51a0090   0 
19a0090   0 
15a0090   0 
11e0090   0 
241801c0   0 
205801c0   0 
24180980   0 
20580980   0 
241a0180   0 
205a0180   0 
241800d0   0 
209800d0   0 
205800d0   0 
201c00d0   0 
24180890   0 
20980890   0 
20580890   0 
201c0890   0 
24181090   0 
20981090   0 
20581090   0 
201c1090   0 
241a0090   0 
209a0090   0 
205a0090   0 
201e0090   0 
c1801c0   0 
85801c0   0 
c180980   0 
8580980   0 
c1a0180   0 
85a0180   0 
c1800d0   0 
89800d0   0 
85800d0   0 
81c00d0   0 
c180890   0 
8980890   0 
8580890   0 
81c0890   0 
c181090   0 
8981090   0 
8581090   0 
81c1090   0 
c1a0090   0 
89a0090   0 
85a0090   0 
81e0090   0 
1008b010   0 
10089018   0 
1089018   0 
11c0058   0 
11c0818   0 
10c8818   0 
11e0018   0 
10e8018   0 
101c0058   0 
101c0818   0 
100c8818   0 
101e0018   0 
100e8018   0 
2084514   0 
208441c   0 
2084550   0 
2084458   0 
2085510   0 
2085418   0 
180e040   0 
180c0c0   0 
1080e040   0 
1080c0c0   0 
1408e040   0 
1408c0c0   0 
1048e040   0 
1048c0c0   0 
508c0c0   0 
148c0c0   0 
89802c0   0 
a882240   0 
a8802c0   0 
20944048   0 
22844140   0 
22844048   0 
209802c0   0 
22882240   0 
228802c0   0 
8146040   0 
81440c0   0 
8144048   0 
a046040   0 
a044140   0 
a0440c0   0 
a044048   0 
8147000   0 
8145080   0 
8145008   0 
a047000   0 
a045100   0 
a045080   0 
a045008   0 
8146800   0 
8144880   0 
8144808   0 
a046800   0 
a044900   0 
a044880   0 
a044808   0 
8166000   0 
8164080   0 
8164008   0 
a066000   0 
a064100   0 
a064080   0 
a064008   0 
20944808   0 
22844900   0 
22844808   0 
20964008   0 
22864100   0 
22864008   0 
8907000   0 
8905080   0 
8905008   0 
a807000   0 
a805100   0 
a805080   0 
a805008   0 
20907000   0 
20905080   0 
20905008   0 
22807000   0 
22805100   0 
22805080   0 
22805008   0 
14c01c   0 
204c114   0 
204c01c   0 
90c01c   0 
280c114   0 
280c01c   0 
14441c   0 
2044514   0 
204441c   0 
90441c   0 
2804514   0 
280441c   0 
14c058   0 
204c150   0 
204c058   0 
90c058   0 
280c150   0 
280c058   0 
144458   0 
2044550   0 
2044458   0 
904458   0 
2804550   0 
2804458   0 
145418   0 
2045510   0 
2045418   0 
905418   0 
2805510   0 
2805418   0 
14d018   0 
204d110   0 
204d018   0 
90d018   0 
280d110   0 
280d018   0 
24182240   0 
241802c0   0 
26082240   0 
260802c0   0 
20582240   0 
205802c0   0 
22482240   0 
224802c0   0 
c1802c0   0 
e082240   0 
e0802c0   0 
85802c0   0 
a482240   0 
a4802c0   0 
188114   0 
18801c   0 
108801c   0 
208a014   0 
2088114   0 
208801c   0 
1008a014   0 
1008801c   0 
180514   0 
18041c   0 
188150   0 
188058   0 
1088058   0 
208a050   0 
2088150   0 
2088058   0 
1008a050   0 
10088058   0 
180550   0 
180458   0 
181510   0 
181418   0 
189110   0 
189018   0 
208b010   0 
2089110   0 
2089018   0 
81c0058   0 
81c02c0   0 
a0c2240   0 
a0c02c0   0 
81c1280   0 
a0c3200   0 
a0c1280   0 
81c0818   0 
81c0a80   0 
a0c2a00   0 
a0c0a80   0 
81e0018   0 
81e0280   0 
a0e2200   0 
a0e0280   0 
8981280   0 
a883200   0 
a881280   0 
20981280   0 
22883200   0 
22881280   0 
201c0058   0 
201c2240   0 
201c02c0   0 
220c2240   0 
220c02c0   0 
201c6040   0 
201c40c0   0 
201c4048   0 
220c6040   0 
220c4140   0 
220c40c0   0 
220c4048   0 
24183200   0 
24181280   0 
26083200   0 
26081280   0 
24187000   0 
24185080   0 
26087000   0 
26085080   0 
20583200   0 
20581280   0 
22483200   0 
22481280   0 
20587000   0 
20585080   0 
22487000   0 
22485080   0 
201c3200   0 
201c1280   0 
220c3200   0 
220c1280   0 
201c7000   0 
201c5080   0 
220c7000   0 
220c5080   0 
201c0818   0 
201c2a00   0 
201c0a80   0 
220c2a00   0 
220c0a80   0 
201c6800   0 
201c4880   0 
201c4808   0 
220c6800   0 
220c4900   0 
220c4880   0 
220c4808   0 
201e0018   0 
201e2200   0 
201e0280   0 
220e2200   0 
220e0280   0 
201e6000   0 
201e4080   0 
201e4008   0 
220e6000   0 
220e4100   0 
220e4080   0 
220e4008   0 
c181280   0 
e083200   0 
e081280   0 
c185080   0 
e085080   0 
8581280   0 
a483200   0 
a481280   0 
8585080   0 
a485080   0 
10283210   0 
18882c0   0 
19802c0   0 
1a802c0   0 
38802c0   0 
1a04248   0 
1a04160   0 
1a04068   0 
10944048   0 
12844140   0 
12844048   0 
1088a240   0 
108882c0   0 
109802c0   0 
10a82240   0 
10a802c0   0 
12882240   0 
128802c0   0 
10a04340   0 
10a04248   0 
10a04160   0 
10a04068   0 
104e040   0 
104c0c0   0 
104c048   0 
1146040   0 
11440c0   0 
1144048   0 
1246040   0 
1244140   0 
12440c0   0 
1244048   0 
3046040   0 
3044140   0 
30440c0   0 
3044048   0 
104f000   0 
104d080   0 
104d008   0 
1147000   0 
1145080   0 
1145008   0 
1247000   0 
1245100   0 
1245080   0 
1245008   0 
3047000   0 
3045100   0 
3045080   0 
3045008   0 
104e800   0 
104c880   0 
104c808   0 
1146800   0 
1144880   0 
1144808   0 
1246800   0 
1244900   0 
1244880   0 
1244808   0 
3046800   0 
3044900   0 
3044880   0 
3044808   0 
106e000   0 
106c080   0 
106c008   0 
1166000   0 
1164080   0 
1164008   0 
1266000   0 
1264100   0 
1264080   0 
1264008   0 
3066000   0 
3064100   0 
3064080   0 
3064008   0 
10944808   0 
12844900   0 
12844808   0 
10964008   0 
12864100   0 
12864008   0 
180f000   0 
180d080   0 
180d008   0 
1907000   0 
1905080   0 
1905008   0 
1a07000   0 
1a05100   0 
1a05080   0 
1a05008   0 
3807000   0 
3805100   0 
3805080   0 
3805008   0 
1080f000   0 
1080d100   0 
1080d080   0 
1080d008   0 
10907000   0 
10905080   0 
10905008   0 
10a07000   0 
10a05100   0 
10a05080   0 
10a05008   0 
12807000   0 
12805100   0 
12805080   0 
12805008   0 
1408a240   0 
140882c0   0 
14182240   0 
141802c0   0 
14282240   0 
142802c0   0 
16082240   0 
160802c0   0 
1048a240   0 
104882c0   0 
10582240   0 
105802c0   0 
10682240   0 
106802c0   0 
12482240   0 
124802c0   0 
50882c0   0 
51802c0   0 
52802c0   0 
70802c0   0 
14882c0   0 
15802c0   0 
16802c0   0 
34802c0   0 
10c82c0   0 
11c02c0   0 
12c02c0   0 
30c02c0   0 
10c9280   0 
11c1280   0 
12c1280   0 
30c1280   0 
10c8a80   0 
10c8a08   0 
11c0a80   0 
12c0a80   0 
12c0a08   0 
30c0a80   0 
10e8280   0 
10e8208   0 
11e0280   0 
12e0280   0 
12e0208   0 
30e0280   0 
1889280   0 
1981280   0 
1a81280   0 
3881280   0 
1088b200   0 
10889280   0 
10981280   0 
10a83200   0 
10a81280   0 
12883200   0 
12881280   0 
100ca240   0 
100c82c0   0 
101c2240   0 
101c02c0   0 
102c2240   0 
102c02c0   0 
120c2240   0 
120c02c0   0 
100ce040   0 
100cc0c0   0 
101c6040   0 
101c40c0   0 
101c4048   0 
102c6040   0 
102c40c0   0 
120c6040   0 
120c4140   0 
120c40c0   0 
120c4048   0 
1408b200   0 
14089280   0 
14183200   0 
14181280   0 
14283200   0 
14281280   0 
16083200   0 
16081280   0 
1408f000   0 
1408d080   0 
14187000   0 
14185080   0 
14287000   0 
14285080   0 
16087000   0 
16085080   0 
1048b200   0 
10489280   0 
10583200   0 
10581280   0 
10683200   0 
10681280   0 
12483200   0 
12481280   0 
1048f000   0 
1048d080   0 
10587000   0 
10585080   0 
10687000   0 
10685080   0 
12487000   0 
12485080   0 
100cb200   0 
100c9280   0 
101c3200   0 
101c1280   0 
102c3200   0 
102c1280   0 
120c3200   0 
120c1280   0 
100cf000   0 
100cd080   0 
101c7000   0 
101c5080   0 
102c7000   0 
102c5080   0 
120c7000   0 
120c5080   0 
100caa00   0 
100c8a80   0 
100c8a08   0 
101c2a00   0 
101c0a80   0 
102c2a00   0 
102c0b00   0 
102c0a80   0 
102c0a08   0 
120c2a00   0 
120c0a80   0 
100ce800   0 
100cc880   0 
101c6800   0 
101c4880   0 
101c4808   0 
102c6800   0 
102c4880   0 
120c6800   0 
120c4900   0 
120c4880   0 
120c4808   0 
100ea200   0 
100e8280   0 
100e8208   0 
101e2200   0 
101e0280   0 
102e2200   0 
102e0300   0 
102e0280   0 
102e0208   0 
120e2200   0 
120e0280   0 
100ee000   0 
100ec080   0 
101e6000   0 
101e4080   0 
101e4008   0 
102e6000   0 
102e4080   0 
120e6000   0 
120e4100   0 
120e4080   0 
120e4008   0 
5089280   0 
5181280   0 
5281280   0 
7081280   0 
508d080   0 
5185080   0 
5285080   0 
7085080   0 
1489280   0 
1581280   0 
1681280   0 
3481280   0 
148d080   0 
1585080   0 
1685080   0 
3485080   0 
1804e040   0 
1804c0c0   0 
18246040   0 
182440c0   0 
1804f000   0 
1804d080   0 
18247000   0 
18245080   0 
1804e800   0 
1804c880   0 
18246800   0 
18244880   0 
1806e000   0 
1806c080   0 
18266000   0 
18264080   0 
1008b201   0 
10283201   0 
1008a205   0 
10282205   0 
10282214   0 
1008a241   0 
10282241   0 
10282250   0 
1140140   0 
1048140   0 
1141100   0 
1049100   0 
1140900   0 
1048900   0 
1160100   0 
1068100   0 
1901100   0 
1809100   0 
10088090   0 
100a014   0 
100a050   0 
100a090   0 
1088090   0 
100b010   0 
101c0140   0 
101c0900   0 
100c8900   0 
101e0100   0 
100e8100   0 
a0c8900   0 
a0e8100   0 
20881a0   0 
2089120   0 
2088124   0 
2088160   0 
2084506   0 
2084542   0 
2084582   0 
2085502   0 
2084490   0 
220c8900   0 
220e8100   0 
10940140   0 
20940140   0 
8140140   0 
8141100   0 
8140900   0 
8160100   0 
10940900   0 
20940900   0 
10960100   0 
20960100   0 
8901100   0 
10901100   0 
20901100   0 
148114   0 
908114   0 
140514   0 
900514   0 
148150   0 
908150   0 
140550   0 
900550   0 
140590   0 
900590   0 
148190   0 
908190   0 
141510   0 
901510   0 
149110   0 
909110   0 
302281   0 
112281   0 
10a281   0 
102681   0 
302288   0 
112288   0 
10a288   0 
102688   0 
302380   0 
340380   0 
112380   0 
150380   0 
10a380   0 
148380   0 
102780   0 
140780   0 
3021a0   0 
3401a0   0 
1121a0   0 
1501a0   0 
10a1a0   0 
1481a0   0 
1025a0   0 
1405a0   0 
303201   0 
113201   0 
10b201   0 
103601   0 
303208   0 
113208   0 
10b208   0 
103608   0 
303300   0 
341300   0 
113300   0 
151300   0 
10b300   0 
149300   0 
103700   0 
141700   0 
303120   0 
341120   0 
113120   0 
151120   0 
10b120   0 
149120   0 
103520   0 
141520   0 
302205   0 
112205   0 
10a205   0 
102605   0 
30220c   0 
11220c   0 
10a20c   0 
10260c   0 
302214   0 
112214   0 
302034   0 
112034   0 
302304   0 
340304   0 
112304   0 
150304   0 
10a304   0 
148304   0 
102704   0 
140704   0 
302124   0 
340124   0 
112124   0 
150124   0 
10a124   0 
148124   0 
102524   0 
140524   0 
302241   0 
112241   0 
10a241   0 
102641   0 
302248   0 
112248   0 
10a248   0 
102648   0 
302250   0 
112250   0 
302070   0 
112070   0 
302340   0 
340340   0 
112340   0 
150340   0 
10a340   0 
148340   0 
102740   0 
140740   0 
302160   0 
340160   0 
112160   0 
150160   0 
10a160   0 
148160   0 
102560   0 
140560   0 
3020b0   0 
1120b0   0 
302290   0 
112290   0 
303030   0 
113030   0 
303210   0 
113210   0 
10a106   0 
148106   0 
908106   0 
102506   0 
140506   0 
900506   0 
10a142   0 
148142   0 
908142   0 
102542   0 
140542   0 
900542   0 
10a014   0 
102414   0 
10a050   0 
102450   0 
102582   0 
140582   0 
900582   0 
10a182   0 
148182   0 
908182   0 
103502   0 
141502   0 
901502   0 
10b102   0 
149102   0 
909102   0 
102490   0 
10a090   0 
103410   0 
10b010   0 
8142240   0 
8143200   0 
8142a00   0 
8162200   0 
8903200   0 
10903010   0 
10903200   0 
20903010   0 
20903200   0 
c102240   0 
8502240   0 
8902240   0 
10902050   0 
10902140   0 
10902240   0 
20902050   0 
20902140   0 
20902240   0 
c102a00   0 
8502a00   0 
c122200   0 
8522200   0 
8902a00   0 
10902810   0 
10902900   0 
10902a00   0 
20902810   0 
20902900   0 
20902a00   0 
8922200   0 
10922010   0 
10922100   0 
10922200   0 
20922010   0 
20922100   0 
20922200   0 
c103200   0 
8503200   0 
2206281   0 
2016281   0 
200e281   0 
2006681   0 
2206288   0 
2016288   0 
200e288   0 
2006688   0 
2206380   0 
2244380   0 
2016380   0 
2054380   0 
200e380   0 
204c380   0 
2006780   0 
2044780   0 
22061a0   0 
22441a0   0 
20161a0   0 
20541a0   0 
200e1a0   0 
204c1a0   0 
20065a0   0 
20445a0   0 
2207201   0 
2017201   0 
200f201   0 
2007601   0 
2207208   0 
2017208   0 
200f208   0 
2007608   0 
2207300   0 
2245300   0 
2017300   0 
2055300   0 
200f300   0 
204d300   0 
2007700   0 
2045700   0 
2207120   0 
2245120   0 
2017120   0 
2055120   0 
200f120   0 
204d120   0 
2007520   0 
2045520   0 
2206205   0 
2016205   0 
200e205   0 
2006605   0 
220620c   0 
201620c   0 
200e20c   0 
200660c   0 
2206214   0 
2016214   0 
2206034   0 
2016034   0 
2206304   0 
2244304   0 
2016304   0 
2054304   0 
200e304   0 
204c304   0 
2006704   0 
2044704   0 
2206124   0 
2244124   0 
2016124   0 
2054124   0 
200e124   0 
204c124   0 
2006524   0 
2044524   0 
2206241   0 
2016241   0 
200e241   0 
2006641   0 
2206248   0 
2016248   0 
200e248   0 
2006648   0 
2206250   0 
2016250   0 
2206070   0 
2016070   0 
2206340   0 
2244340   0 
2016340   0 
2054340   0 
200e340   0 
204c340   0 
2006740   0 
2044740   0 
2206160   0 
2244160   0 
2016160   0 
2054160   0 
200e160   0 
204c160   0 
2006560   0 
2044560   0 
22060b0   0 
20160b0   0 
2206290   0 
2016290   0 
2207030   0 
2017030   0 
2207210   0 
2017210   0 
200e106   0 
204c106   0 
280c106   0 
2006506   0 
2044506   0 
2804506   0 
200e142   0 
204c142   0 
280c142   0 
2006542   0 
2044542   0 
2804542   0 
200e014   0 
1000e014   0 
2006414   0 
200e050   0 
1000e050   0 
2006450   0 
2006582   0 
2044582   0 
2804582   0 
200e182   0 
204c182   0 
280c182   0 
2007502   0 
2045502   0 
2805502   0 
200f102   0 
204d102   0 
280d102   0 
2006490   0 
200e090   0 
1000e090   0 
2007410   0 
200f010   0 
1000f010   0 
e082a00   0 
a482a00   0 
e0a2200   0 
a4a2200   0 
a882a00   0 
22882a00   0 
a8a2200   0 
228a2200   0 
89040c0   0 
a8040c0   0 
8904880   0 
a804880   0 
8924080   0 
a824080   0 
209040c0   0 
228040c0   0 
20904880   0 
22804880   0 
20924080   0 
22824080   0 
344281   0 
2244281   0 
154281   0 
2054281   0 
14c281   0 
204c281   0 
144681   0 
2044681   0 
3440a1   0 
22440a1   0 
1540a1   0 
20540a1   0 
14c0a1   0 
204c0a1   0 
1444a1   0 
20444a1   0 
344288   0 
2244288   0 
154288   0 
2054288   0 
14c288   0 
204c288   0 
144688   0 
2044688   0 
3440a8   0 
22440a8   0 
1540a8   0 
20540a8   0 
14c0a8   0 
204c0a8   0 
1444a8   0 
20444a8   0 
345208   0 
2245208   0 
155208   0 
2055208   0 
14d208   0 
204d208   0 
145608   0 
2045608   0 
345028   0 
2245028   0 
155028   0 
2055028   0 
14d028   0 
204d028   0 
145428   0 
2045428   0 
34420c   0 
224420c   0 
15420c   0 
205420c   0 
14c20c   0 
204c20c   0 
14460c   0 
204460c   0 
34402c   0 
224402c   0 
15402c   0 
205402c   0 
14c02c   0 
204c02c   0 
14442c   0 
204442c   0 
344248   0 
2244248   0 
154248   0 
2054248   0 
14c248   0 
204c248   0 
144648   0 
2044648   0 
344068   0 
2244068   0 
154068   0 
2054068   0 
14c068   0 
204c068   0 
144468   0 
2044468   0 
3440b0   0 
22440b0   0 
1540b0   0 
20540b0   0 
344290   0 
2244290   0 
154290   0 
2054290   0 
14c00e   0 
204c00e   0 
90c00e   0 
280c00e   0 
14440e   0 
204440e   0 
90440e   0 
280440e   0 
14c04a   0 
204c04a   0 
90c04a   0 
280c04a   0 
14444a   0 
204444a   0 
90444a   0 
280444a   0 
144483   0 
2044483   0 
904483   0 
2804483   0 
14c083   0 
204c083   0 
90c083   0 
280c083   0 
14448a   0 
204448a   0 
90448a   0 
280448a   0 
14c08a   0 
204c08a   0 
90c08a   0 
280c08a   0 
14540a   0 
204540a   0 
90540a   0 
280540a   0 
14d00a   0 
204d00a   0 
90d00a   0 
280d00a   0 
144490   0 
2044490   0 
904490   0 
2804490   0 
14c090   0 
204c090   0 
1004c090   0 
90c090   0 
280c090   0 
188106   0 
2088106   0 
180506   0 
188142   0 
2088142   0 
180542   0 
180582   0 
188182   0 
2088182   0 
181502   0 
189102   0 
2089102   0 
180490   0 
188090   0 
2088090   0 
8980a80   0 
a880a80   0 
89a0280   0 
a8a0280   0 
20980a80   0 
22880a80   0 
209a0280   0 
228a0280   0 
c106040   0 
e006040   0 
8506040   0 
a406040   0 
24186040   0 
26086040   0 
20586040   0 
22486040   0 
8906040   0 
a806040   0 
20906040   0 
22806040   0 
c106800   0 
e006800   0 
8506800   0 
a406800   0 
c126000   0 
e026000   0 
8526000   0 
a426000   0 
24182a00   0 
26082a00   0 
24186800   0 
26086800   0 
20582a00   0 
22482a00   0 
20586800   0 
22486800   0 
241a2200   0 
260a2200   0 
241a6000   0 
260a6000   0 
205a2200   0 
224a2200   0 
205a6000   0 
224a6000   0 
201c0140   0 
201c0900   0 
8906800   0 
a806800   0 
20906800   0 
22806800   0 
201e0100   0 
8926000   0 
a826000   0 
20926000   0 
22826000   0 
241840c0   0 
260840c0   0 
24180a80   0 
26080a80   0 
24184880   0 
26084880   0 
241a0280   0 
260a0280   0 
241a4080   0 
260a4080   0 
205840c0   0 
224840c0   0 
20580a80   0 
22480a80   0 
20584880   0 
22484880   0 
205a0280   0 
224a0280   0 
205a4080   0 
224a4080   0 
3060a1   0 
22060a1   0 
1160a1   0 
20160a1   0 
10e0a1   0 
200e0a1   0 
1064a1   0 
20064a1   0 
3060a8   0 
22060a8   0 
1160a8   0 
20160a8   0 
10e0a8   0 
200e0a8   0 
1064a8   0 
20064a8   0 
307021   0 
2207021   0 
117021   0 
2017021   0 
10f021   0 
200f021   0 
107421   0 
2007421   0 
307028   0 
2207028   0 
117028   0 
2017028   0 
10f028   0 
200f028   0 
107428   0 
2007428   0 
306025   0 
2206025   0 
116025   0 
2016025   0 
10e025   0 
200e025   0 
106425   0 
2006425   0 
30602c   0 
220602c   0 
11602c   0 
201602c   0 
10e02c   0 
200e02c   0 
10642c   0 
200642c   0 
306061   0 
2206061   0 
116061   0 
2016061   0 
10e061   0 
200e061   0 
106461   0 
2006461   0 
306068   0 
2206068   0 
116068   0 
2016068   0 
10e068   0 
200e068   0 
106468   0 
2006468   0 
10e007   0 
200e007   0 
106407   0 
2006407   0 
10e00e   0 
200e00e   0 
18c00e   0 
208c00e   0 
10640e   0 
200640e   0 
18440e   0 
208440e   0 
10e043   0 
200e043   0 
106443   0 
2006443   0 
10e04a   0 
200e04a   0 
18c04a   0 
208c04a   0 
10644a   0 
200644a   0 
18444a   0 
208444a   0 
c107000   0 
e007000   0 
8507000   0 
a407000   0 
c1840c0   0 
e0840c0   0 
c180a80   0 
e080a80   0 
c184880   0 
e084880   0 
c1a0280   0 
e0a0280   0 
c1a4080   0 
e0a4080   0 
85840c0   0 
a4840c0   0 
8580a80   0 
a480a80   0 
8584880   0 
a484880   0 
85a0280   0 
a4a0280   0 
85a4080   0 
a4a4080   0 
106483   0 
2006483   0 
184483   0 
2084483   0 
10e083   0 
200e083   0 
18c083   0 
208c083   0 
10648a   0 
200648a   0 
18448a   0 
208448a   0 
10e08a   0 
200e08a   0 
18c08a   0 
208c08a   0 
107403   0 
2007403   0 
10f003   0 
200f003   0 
10740a   0 
200740a   0 
18540a   0 
208540a   0 
10f00a   0 
200f00a   0 
18d00a   0 
208d00a   0 
1a04124   0 
1240340   0 
3040340   0 
1241300   0 
3041300   0 
1240b00   0 
3040b00   0 
1260300   0 
3060300   0 
1a01300   0 
3801300   0 
10280380   0 
10281300   0 
10280290   0 
1240304   0 
1202304   0 
1202340   0 
1202214   0 
1202250   0 
1202380   0 
1240380   0 
1280380   0 
1a00380   0 
1203300   0 
1281300   0 
1202290   0 
1280290   0 
1203210   0 
1284124   0 
10284124   0 
1284160   0 
10284160   0 
1a00304   0 
1a00340   0 
1088aa00   0 
10a82a00   0 
12882a00   0 
108aa200   0 
10aa2200   0 
128a2200   0 
1080c090   0 
19040c0   0 
1a040c0   0 
38040c0   0 
180c880   0 
1904880   0 
1a04880   0 
3804880   0 
182c080   0 
1924080   0 
1a24080   0 
3824080   0 
109040c0   0 
10a040c0   0 
128040c0   0 
1080c880   0 
10904880   0 
10a04880   0 
12804880   0 
1082c080   0 
10924080   0 
10a24080   0 
12824080   0 
104c090   0 
180c090   0 
104a240   0 
1142240   0 
1242240   0 
3042240   0 
104b200   0 
1143200   0 
1243200   0 
3043200   0 
104aa00   0 
1142a00   0 
1242a00   0 
3042a00   0 
106a200   0 
1162200   0 
1262200   0 
3062200   0 
180b200   0 
1903200   0 
1a03200   0 
3803200   0 
1888a80   0 
1980a80   0 
1a80a80   0 
3880a80   0 
18a8280   0 
19a0280   0 
1aa0280   0 
38a0280   0 
10888a80   0 
10980a80   0 
10a80a80   0 
12880a80   0 
108a8280   0 
109a0280   0 
10aa0280   0 
128a0280   0 
100a205   0 
1202205   0 
100a20c   0 
120220c   0 
100a241   0 
1202241   0 
100a248   0 
1202248   0 
500a240   0 
5102240   0 
5202240   0 
7002240   0 
500e040   0 
5106040   0 
5206040   0 
7006040   0 
140a240   0 
1502240   0 
1602240   0 
3402240   0 
140e040   0 
1506040   0 
1606040   0 
3406040   0 
14186040   0 
14286040   0 
16086040   0 
10586040   0 
10686040   0 
12486040   0 
180a240   0 
1902240   0 
1a02240   0 
3802240   0 
1906040   0 
1a06040   0 
3806040   0 
10906040   0 
10a06040   0 
12806040   0 
500aa00   0 
5102a00   0 
5202a00   0 
7002a00   0 
500e800   0 
5106800   0 
5206800   0 
7006800   0 
140aa00   0 
1502a00   0 
1602a00   0 
3402a00   0 
140e800   0 
1506800   0 
1606800   0 
3406800   0 
502a200   0 
5122200   0 
5222200   0 
7022200   0 
502e000   0 
5126000   0 
5226000   0 
7026000   0 
142a200   0 
1522200   0 
1622200   0 
3422200   0 
142e000   0 
1526000   0 
1626000   0 
3426000   0 
1408aa00   0 
14182a00   0 
14282a00   0 
16082a00   0 
1408e800   0 
14186800   0 
14286800   0 
16086800   0 
1048aa00   0 
10582a00   0 
10682a00   0 
12482a00   0 
1048e800   0 
10586800   0 
10686800   0 
12486800   0 
140aa200   0 
141a2200   0 
142a2200   0 
160a2200   0 
140ae000   0 
141a6000   0 
142a6000   0 
160a6000   0 
104aa200   0 
105a2200   0 
106a2200   0 
124a2200   0 
104ae000   0 
105a6000   0 
106a6000   0 
124a6000   0 
180aa00   0 
1902a00   0 
1a02a00   0 
3802a00   0 
180e800   0 
1906800   0 
1a06800   0 
3806800   0 
1080e800   0 
10906800   0 
10a06800   0 
12806800   0 
182a200   0 
1922200   0 
1a22200   0 
3822200   0 
182e000   0 
1926000   0 
1a26000   0 
3826000   0 
1082e000   0 
10926000   0 
10a26000   0 
12826000   0 
141840c0   0 
142840c0   0 
160840c0   0 
14088a80   0 
14180a80   0 
14280a80   0 
16080a80   0 
1408c880   0 
14184880   0 
14284880   0 
16084880   0 
140a8280   0 
141a0280   0 
142a0280   0 
160a0280   0 
140ac080   0 
141a4080   0 
142a4080   0 
160a4080   0 
105840c0   0 
106840c0   0 
124840c0   0 
10488a80   0 
10580a80   0 
10680a80   0 
12480a80   0 
1048c880   0 
10584880   0 
10684880   0 
12484880   0 
104a8280   0 
105a0280   0 
106a0280   0 
124a0280   0 
104ac080   0 
105a4080   0 
106a4080   0 
124a4080   0 
100a281   0 
1202281   0 
100a288   0 
1202288   0 
100b201   0 
1203201   0 
100b208   0 
1203208   0 
500b200   0 
5103200   0 
5203200   0 
7003200   0 
500f000   0 
5107000   0 
5207000   0 
7007000   0 
140b200   0 
1503200   0 
1603200   0 
3403200   0 
140f000   0 
1507000   0 
1607000   0 
3407000   0 
51840c0   0 
52840c0   0 
70840c0   0 
5088a80   0 
5180a80   0 
5280a80   0 
7080a80   0 
508c880   0 
5184880   0 
5284880   0 
7084880   0 
50a8280   0 
51a0280   0 
52a0280   0 
70a0280   0 
50ac080   0 
51a4080   0 
52a4080   0 
70a4080   0 
15840c0   0 
16840c0   0 
34840c0   0 
1488a80   0 
1580a80   0 
1680a80   0 
3480a80   0 
148c880   0 
1584880   0 
1684880   0 
3484880   0 
14a8280   0 
15a0280   0 
16a0280   0 
34a0280   0 
14ac080   0 
15a4080   0 
16a4080   0 
34a4080   0 
10a04304   0 
10a04124   0 
1a0420c   0 
10a0420c   0 
1a0402c   0 
10a0402c   0 
1088281   0 
1280281   0 
10088281   0 
10280281   0 
1088288   0 
1280288   0 
10088288   0 
10280288   0 
1089208   0 
1281208   0 
10089208   0 
10281208   0 
108820c   0 
128020c   0 
1008820c   0 
1028020c   0 
1280304   0 
10280304   0 
1088248   0 
1280248   0 
10088248   0 
10280248   0 
1280340   0 
10280340   0 
128402c   0 
1028402c   0 
1284068   0 
10284068   0 
1c00e040   0 
1c206040   0 
1840e040   0 
18606040   0 
1c00e800   0 
1c206800   0 
1840e800   0 
18606800   0 
1c02e000   0 
1c226000   0 
1842e000   0 
18626000   0 
1c00f000   0 
1c207000   0 
1840f000   0 
18607000   0 
2082605   0 
208a205   0 
2092205   0 
2282205   0 
2082614   0 
2092214   0 
2282214   0 
19003c   0 
38003c   0 
19001c0   0 
1900980   0 
1920180   0 
20845a0   0 
20941a0   0 
22841a0   0 
2084524   0 
2094124   0 
2284124   0 
20940b0   0 
22840b0   0 
209001c0   0 
20900980   0 
20920180   0 
109001c0   0 
10900980   0 
10920180   0 
900780   0 
908380   0 
910380   0 
b00380   0 
9005a0   0 
9081a0   0 
9101a0   0 
b001a0   0 
900704   0 
908304   0 
910304   0 
b00304   0 
900524   0 
908124   0 
910124   0 
b00124   0 
89001c0   0 
8900980   0 
8920180   0 
2804780   0 
280c380   0 
2814380   0 
2a04380   0 
28045a0   0 
280c1a0   0 
28141a0   0 
2a041a0   0 
2804704   0 
280c304   0 
2814304   0 
2a04304   0 
2804524   0 
280c124   0 
2814124   0 
2a04124   0 
904681   0 
90c281   0 
914281   0 
b04281   0 
2804681   0 
280c281   0 
2814281   0 
2a04281   0 
9044a1   0 
90c0a1   0 
9140a1   0 
b040a1   0 
28044a1   0 
280c0a1   0 
28140a1   0 
2a040a1   0 
904688   0 
90c288   0 
914288   0 
b04288   0 
2804688   0 
280c288   0 
2814288   0 
2a04288   0 
9044a8   0 
90c0a8   0 
9140a8   0 
b040a8   0 
28044a8   0 
280c0a8   0 
28140a8   0 
2a040a8   0 
90460c   0 
90c20c   0 
91420c   0 
b0420c   0 
280460c   0 
280c20c   0 
281420c   0 
2a0420c   0 
90442c   0 
90c02c   0 
91402c   0 
b0402c   0 
280442c   0 
280c02c   0 
281402c   0 
2a0402c   0 
9140b0   0 
b040b0   0 
28140b0   0 
2a040b0   0 
914290   0 
b04290   0 
2814290   0 
2a04290   0 
180681   0 
188281   0 
190281   0 
380281   0 
2080681   0 
2088281   0 
2090281   0 
2280281   0 
180688   0 
188288   0 
190288   0 
380288   0 
2080688   0 
2088288   0 
2090288   0 
2280288   0 
180780   0 
188380   0 
190380   0 
380380   0 
2080780   0 
2088380   0 
2090380   0 
2280380   0 
1805a0   0 
1881a0   0 
1901a0   0 
3801a0   0 
18060c   0 
18820c   0 
19020c   0 
38020c   0 
208060c   0 
208820c   0 
209020c   0 
228020c   0 
180704   0 
188304   0 
190304   0 
380304   0 
2080704   0 
2088304   0 
2090304   0 
2280304   0 
180524   0 
188124   0 
190124   0 
380124   0 
1900b0   0 
3800b0   0 
190290   0 
380290   0 
2080690   0 
2090290   0 
2280290   0 
1844a1   0 
18c0a1   0 
1940a1   0 
3840a1   0 
20844a1   0 
208c0a1   0 
20940a1   0 
22840a1   0 
1844a8   0 
18c0a8   0 
1940a8   0 
3840a8   0 
20844a8   0 
208c0a8   0 
20940a8   0 
22840a8   0 
18442c   0 
18c02c   0 
19402c   0 
38402c   0 
208442c   0 
208c02c   0 
209402c   0 
228402c   0 
3040704   0 
3050304   0 
3002704   0 
3012304   0 
3002614   0 
3012214   0 
3002780   0 
3012380   0 
3040780   0 
3050380   0 
3800780   0 
3800b80   0 
3810380   0 
3820380   0 
3002690   0 
3012290   0 
3800704   0 
3810304   0 
3002605   0 
3012205   0 
300260c   0 
301220c   0 
3002681   0 
3012281   0 
3002688   0 
3012288   0 
5181208   0 
c181208   0 
14181208   0 
24181208   0 
1981208   0 
8981208   0 
10981208   0 
20981208   0 
1581208   0 
8581208   0 
10581208   0 
20581208   0 
11c1208   0 
81c1208   0 
101c1208   0 
201c1208   0 
7081208   0 
e081208   0 
16081208   0 
26081208   0 
3881208   0 
a881208   0 
12881208   0 
22881208   0 
3481208   0 
a481208   0 
12481208   0 
22481208   0 
30c1208   0 
a0c1208   0 
120c1208   0 
220c1208   0 
7081300   0 
e081300   0 
16081300   0 
26081300   0 
a881300   0 
12881300   0 
22881300   0 
3481300   0 
a481300   0 
12481300   0 
22481300   0 
a0c1300   0 
120c1300   0 
220c1300   0 
11c0248   0 
81c0248   0 
101c0248   0 
201c0248   0 
30c0248   0 
a0c0248   0 
120c0248   0 
220c0248   0 
a0c0340   0 
120c0340   0 
220c0340   0 
901700   0 
909300   0 
911300   0 
b01300   0 
901520   0 
909120   0 
911120   0 
b01120   0 
900740   0 
908340   0 
910340   0 
b00340   0 
900560   0 
908160   0 
910160   0 
b00160   0 
2805700   0 
280d300   0 
2815300   0 
2a05300   0 
2805520   0 
280d120   0 
2815120   0 
2a05120   0 
2804740   0 
280c340   0 
2814340   0 
2a04340   0 
2804560   0 
280c160   0 
2814160   0 
2a04160   0 
905608   0 
90d208   0 
915208   0 
b05208   0 
2805608   0 
280d208   0 
2815208   0 
2a05208   0 
905428   0 
90d028   0 
915028   0 
b05028   0 
2805428   0 
280d028   0 
2815028   0 
2a05028   0 
904648   0 
90c248   0 
914248   0 
b04248   0 
2804648   0 
280c248   0 
2814248   0 
2a04248   0 
904468   0 
90c068   0 
914068   0 
b04068   0 
2804468   0 
280c068   0 
2814068   0 
2a04068   0 
11c0a08   0 
81c0a08   0 
101c0a08   0 
201c0a08   0 
30c0a08   0 
a0c0a08   0 
120c0a08   0 
220c0a08   0 
a0c0b00   0 
120c0b00   0 
220c0b00   0 
11e0208   0 
81e0208   0 
101e0208   0 
201e0208   0 
30e0208   0 
a0e0208   0 
120e0208   0 
220e0208   0 
a0e0300   0 
120e0300   0 
220e0300   0 
10206160   0 
10206340   0 
10206070   0 
10206250   0 
10206450   0 
10207120   0 
10207300   0 
10207030   0 
10207210   0 
10207410   0 
10206061   0 
10206241   0 
10206068   0 
10206248   0 
10207021   0 
10207201   0 
10207028   0 
10207208   0 
10285120   0 
10685100   0 
14285100   0 
1206160   0 
1206070   0 
1206450   0 
1207120   0 
1285120   0 
1685100   0 
5285100   0 
1207030   0 
1207410   0 
10285028   0 
10685008   0 
14285008   0 
1206061   0 
1206068   0 
1207021   0 
1207028   0 
1285028   0 
1685008   0 
5285008   0 
10244542   0 
10244550   0 
10245502   0 
10245510   0 
1024444a   0 
10244458   0 
1024540a   0 
10245418   0 
10244506   0 
10244514   0 
10206506   0 
10206582   0 
10244582   0 
1024440e   0 
1024441c   0 
10244483   0 
1024448a   0 
10206407   0 
1020640e   0 
10206483   0 
1020648a   0 
1084c900   0 
1804c900   0 
1086c100   0 
1806c100   0 
1000e182   0 
1000e1a0   0 
1000e380   0 
1004c182   0 
1004c1a0   0 
1004c380   0 
1000f102   0 
1000f120   0 
1000f300   0 
1004d102   0 
1004d110   0 
1004d120   0 
1004d300   0 
1804d100   0 
1000e106   0 
1000e124   0 
1000e304   0 
1004c106   0 
1004c114   0 
1004c124   0 
1004c304   0 
1000e142   0 
1000e160   0 
1000e340   0 
1004c142   0 
1004c150   0 
1004c160   0 
1004c340   0 
1804c140   0 
100cc808   0 
1084c808   0 
1804c808   0 
100ec008   0 
1086c008   0 
1806c008   0 
1004c083   0 
1004c0a1   0 
1004c281   0 
1004c08a   0 
1004c0a8   0 
1004c288   0 
1004d00a   0 
1004d018   0 
1004d028   0 
1004d208   0 
1804d008   0 
1004c00e   0 
1004c01c   0 
1004c02c   0 
1004c20c   0 
1004c04a   0 
1004c058   0 
1004c068   0 
1004c248   0 
1804c048   0 
1000e083   0 
1000e0a1   0 
1000e281   0 
1000e08a   0 
1000e0a8   0 
1000e288   0 
1000f003   0 
1000f021   0 
1000f201   0 
1000f00a   0 
1000f028   0 
1000f208   0 
1000e007   0 
1000e025   0 
1000e205   0 
1000e00e   0 
1000e02c   0 
1000e20c   0 
1000e043   0 
1000e061   0 
1000e241   0 
1000e04a   0 
1000e068   0 
1000e248   0 
10206542   0 
10207502   0 
10206443   0 
1020644a   0 
10207403   0 
1020740a   0 
104a8180   0 
108a8180   0 
140a8180   0 
10488980   0 
10888980   0 
14088980   0 
14a8180   0 
50a8180   0 
1488980   0 
5088980   0 
224a8180   0 
228a8180   0 
260a8180   0 
22488980   0 
22888980   0 
26088980   0 
a4a8180   0 
a8a8180   0 
e0a8180   0 
a488980   0 
a888980   0 
e088980   0 
1048a900   0 
1088a900   0 
1408a900   0 
104aa100   0 
108aa100   0 
140aa100   0 
10089102   0 
10089110   0 
10089120   0 
10089300   0 
100c9100   0 
10489100   0 
10889100   0 
14089100   0 
100a142   0 
100a160   0 
100a340   0 
140a140   0 
500a140   0 
140a900   0 
180a900   0 
500a900   0 
142a100   0 
182a100   0 
502a100   0 
100b102   0 
100b120   0 
100b300   0 
140b100   0 
500b100   0 
1089102   0 
1089110   0 
1089120   0 
1089300   0 
1489100   0 
5089100   0 
a48a900   0 
a88a900   0 
e08a900   0 
a4aa100   0 
a8aa100   0 
e0aa100   0 
2248a900   0 
2288a900   0 
2608a900   0 
224aa100   0 
228aa100   0 
260aa100   0 
220c9100   0 
22489100   0 
22889100   0 
26089100   0 
a0c9100   0 
a489100   0 
a889100   0 
e089100   0 
10088142   0 
10088150   0 
10088160   0 
10088340   0 
100c8140   0 
1088142   0 
1088150   0 
1088160   0 
1088340   0 
1008c04a   0 
1008c068   0 
100cc048   0 
108c04a   0 
108c068   0 
220c8140   0 
a0c8140   0 
10284542   0 
10284550   0 
1284542   0 
1284550   0 
1008d00a   0 
1008d028   0 
100cd008   0 
1048d008   0 
1408d008   0 
100e043   0 
100e061   0 
100e04a   0 
100e068   0 
1028444a   0 
10284458   0 
128444a   0 
1284458   0 
100f003   0 
100f021   0 
100f00a   0 
100f028   0 
108d00a   0 
108d028   0 
148d008   0 
508d008   0 
10285502   0 
10285510   0 
1206542   0 
1207502   0 
1285502   0 
1285510   0 
1028540a   0 
10285418   0 
1206443   0 
120644a   0 
1207403   0 
120740a   0 
128540a   0 
1285418   0 
38003c0   0 
3800740   0 
3810340   0 
e08a810   0 
2608a810   0 
a88a810   0 
2288a810   0 
a48a810   0 
2248a810   0 
a0ca810   0 
220ca810   0 
e0aa010   0 
260aa010   0 
a8aa010   0 
228aa010   0 
a4aa010   0 
224aa010   0 
a0ea010   0 
220ea010   0 
a0c8818   0 
220c8818   0 
a0e8018   0 
220e8018   0 
