BASE 39 103
WINSPEC    11    11    39
f000000 fe17c1f8 f03f07e0 0 
2020000 0   0 0 
120000 0   0 0 
22000 0   0 0 
20040 0   0 0 
900400 0   0 0 
802400 0   0 0 
900020 0   0 0 
802020 0   0 0 
900010 0   0 0 
802010 0   0 0 
2000000 4   0 0 
12000000 0   0 0 
2200000 0   0 0 
2100000 0   0 0 
2000400 0   0 0 
2000040 0   0 0 
2000020 0   0 0 
2000010 0   0 0 
8000100 0   0 0 
200100 0   0 0 
80100 0   0 0 
2100 0   0 0 
8400004 0   0 0 
480004 0   0 0 
8400008 0   0 0 
480008 0   0 0 
8400040 0   0 0 
8008004 0   0 0 
88004 0   0 0 
8008008 0   0 0 
88008 0   0 0 
8008040 0   0 0 
8000204 0   0 0 
80204 0   0 0 
8000208 0   0 0 
80208 0   0 0 
8000240 0   0 0 
100000 40   0 0 
100000 20   0 0 
80100000 0   0 0 
100800 0   0 0 
90000 10   0 0 
80400 10   0 0 
90000 8   0 0 
80400 8   0 0 
20090000 0   0 0 
20080400 0   0 0 
880000 0   0 0 
80800 0   0 0 
80040 0   0 0 
80010 0   0 0 
80002 0   0 0 
80001 0   0 0 
880 0   0 0 
840 0   0 0 
4000000 0   0 0 
1000000 0   0 0 
40000 0   0 0 
4000 0   0 0 
1000 0   0 0 
800000 1   0 0 
20000400 1   0 0 
20000800 1   0 0 
20010000 1   0 0 
400 9   0 0 
800 9   0 0 
10000 9   0 0 
400 11   0 0 
800 11   0 0 
10000 11   0 0 
80000400 0   0 0 
80000800 0   0 0 
80010000 0   0 0 
80800000 0   0 0 
402000 0   0 0 
200004 0   0 0 
200008 0   0 0 
200040 0   0 0 
202000 0   0 0 
a000 0   0 0 
2200 0   0 0 
2000082 0   0 0 
2000081 0   0 0 
2000 44   0 0 
10002000 40   0 0 
2000 24   0 0 
10002000 20   0 0 
40002400 0   0 0 
40100400 0   0 0 
40002020 0   0 0 
40100020 0   0 0 
40002010 0   0 0 
40100010 0   0 0 
2000 2   0 0 
100000 2   0 0 
2000000 2   0 0 
80002010 0   0 0 
80002020 0   0 0 
90002000 0   0 0 
80002000 4   0 0 
20081 0   0 0 
20082 0   0 0 
20090 0   0 0 
