102
9 1 0 0, 
9 1 0 0, 
9 1 0 0, 
9 1 0 0, 
9 1 0 0, 
9 1 0 0, 
9 1 0 0, 
9 1 0 0, 
9 1 0 0, 
9 1 0 0, 
9 1 0 0, 
9 1 0 0, 
9 1 0 0, 
9 1 0 0, 
9 1 0 0, 
9 1 0 0, 
9 1 0 0, 
9 1 0 0, 
9 1 0 0, 
9 1 0 0, 
9 2 0 0, 0 1, 
9 2 0 0, 0 1, 
9 2 0 0, 0 1, 
9 2 0 0, 0 1, 
9 2 0 0, 0 1, 
9 2 0 0, 0 1, 
9 2 0 0, 0 1, 
9 2 0 0, 0 1, 
9 2 0 0, 0 1, 
9 2 0 0, 0 1, 
9 2 0 0, 0 1, 
9 2 0 0, 0 1, 
9 2 0 0, 0 1, 
9 2 0 0, 0 1, 
9 3 0 0, 0 1, 0 2, 
9 3 0 0, 0 1, 0 2, 
9 3 0 0, 0 1, 0 2, 
9 3 0 0, 0 1, 0 2, 
9 3 0 0, 0 1, 0 2, 
9 3 0 0, 0 1, 0 2, 
9 3 0 0, 0 1, 0 2, 
9 3 0 0, 0 1, 0 2, 
9 3 0 0, 0 1, 0 2, 
12 1 0 0, 
12 1 0 0, 
12 1 0 0, 
12 1 0 0, 
12 1 0 0, 
12 1 0 0, 
12 1 0 0, 
12 1 0 0, 
12 1 0 0, 
12 1 0 0, 
12 1 0 0, 
12 1 0 0, 
12 1 0 0, 
12 1 0 0, 
12 1 0 0, 
12 1 0 0, 
12 1 0 0, 
12 1 0 0, 
12 1 0 0, 
12 1 0 0, 
12 1 0 0, 
12 1 0 0, 
12 1 0 0, 
12 1 0 0, 
12 1 0 0, 
12 1 0 0, 
12 1 0 0, 
12 1 0 0, 
12 1 0 0, 
12 1 0 0, 
12 1 0 0, 
12 1 0 0, 
12 1 0 0, 
12 1 0 0, 
12 1 0 0, 
12 1 0 0, 
12 1 0 0, 
12 1 0 0, 
12 1 0 0, 
12 1 0 0, 
12 1 0 0, 
12 1 0 0, 
12 1 0 0, 
12 2 0 0, 0 1, 
12 2 0 0, 0 1, 
12 2 0 0, 0 1, 
12 2 0 0, 0 1, 
12 2 0 0, 0 1, 
12 2 0 0, 0 1, 
12 2 0 0, 0 1, 
12 2 0 0, 0 1, 
12 2 0 0, 0 1, 
12 2 0 0, 0 1, 
12 2 0 0, 0 1, 
12 2 0 0, 0 1, 
12 2 0 0, 0 1, 
12 2 0 0, 0 1, 
12 2 0 0, 0 1, 
12 2 0 0, 0 1, 
